# idx  SPF  NN_cont  NN_round  MCF
0  1.415188  1.221301  1.308568  1.221035
1  1.419027  1.211902  1.296652  1.208602
2  1.442969  1.238517  1.331604  1.234669
3  1.439257  1.236882  1.291001  1.222595
4  1.435475  1.243842  1.250384  1.235566
5  1.447649  1.240441  1.281596  1.229733
6  1.482052  1.257944  1.322538  1.254759
7  1.463002  1.248385  1.308944  1.244712
8  1.505286  1.271675  1.314901  1.260615
9  1.495544  1.266007  1.323306  1.263522
10  1.439004  1.227689  1.255064  1.220525
11  1.495539  1.242966  1.258081  1.240299
12  1.452974  1.204519  1.220626  1.201204
13  1.497671  1.243614  1.338526  1.243177
14  1.506215  1.251947  1.346814  1.249621
15  1.576320  1.404149  1.445505  1.333598
16  1.443950  1.203311  1.257075  1.202776
17  1.451321  1.215572  1.253944  1.214530
18  1.435640  1.206297  1.247721  1.205949
19  1.470960  1.234071  1.291570  1.233392
20  1.368475  1.152894  1.166456  1.152566
21  1.377583  1.161869  1.174627  1.161575
22  1.304431  1.130085  1.143312  1.129681
23  1.288286  1.131632  1.146201  1.131433
24  1.269348  1.112660  1.143698  1.112055
25  1.260573  1.097338  1.123730  1.096629
26  1.202245  1.051597  1.074400  1.051275
27  1.204866  1.063901  1.094130  1.063287
28  1.184062  1.039264  1.052481  1.037623
29  1.178350  1.027121  1.059823  1.026318
30  1.133079  0.991501  1.002950  0.990214
31  1.149085  0.975358  0.977227  0.973738
32  1.135961  0.954300  0.982699  0.953782
33  1.096463  0.917376  0.952277  0.917167
34  1.061604  0.887938  0.930000  0.887876
35  1.022284  0.865317  0.903853  0.865176
36  1.041077  0.858505  0.889511  0.857950
37  1.029334  0.844576  0.888927  0.843223
38  0.982470  0.811398  0.847904  0.810077
39  0.980396  0.803058  0.830444  0.801112
40  0.955661  0.785935  0.826788  0.785348
41  0.928445  0.766370  0.800989  0.764940
42  0.879173  0.729705  0.762257  0.729274
43  0.886183  0.725315  0.781731  0.725035
44  0.834481  0.692442  0.740544  0.692149
45  0.832085  0.694736  0.741220  0.694678
46  0.796496  0.668154  0.702250  0.667614
47  0.832331  0.688289  0.732534  0.687515
48  0.799132  0.668177  0.700877  0.667512
49  0.772538  0.633477  0.672285  0.631774
50  0.803778  0.654453  0.688353  0.653246
51  0.792218  0.660329  0.699246  0.660060
52  0.764226  0.630461  0.662903  0.629984
53  0.769932  0.635045  0.670204  0.633608
54  0.753067  0.623075  0.651503  0.622295
55  0.759070  0.624225  0.655485  0.623645
56  0.734456  0.615398  0.639161  0.614298
57  0.732845  0.612477  0.647472  0.612058
58  0.738193  0.614471  0.650289  0.613413
59  0.763834  0.638888  0.680833  0.638660
60  0.744711  0.623969  0.666417  0.622975
61  0.748579  0.633111  0.677665  0.632960
62  0.760410  0.643395  0.687313  0.642715
63  0.756806  0.645994  0.692103  0.644309
64  0.760928  0.649007  0.698813  0.647598
65  0.799114  0.671452  0.707731  0.668624
66  0.797539  0.675122  0.715902  0.672480
67  0.837404  0.715842  0.756005  0.714770
68  0.863724  0.736153  0.777970  0.735543
69  0.891874  0.752094  0.809098  0.751748
70  0.931688  0.785897  0.844693  0.785010
71  0.962310  0.807133  0.871086  0.805604
72  0.967124  0.805508  0.867114  0.805052
73  0.987935  0.824879  0.887962  0.823987
74  1.019536  0.844743  0.916925  0.844299
75  1.046456  0.861508  0.882982  0.861037
76  1.084249  0.893130  0.915373  0.892398
77  1.098533  0.909997  0.933211  0.909583
78  1.104203  0.914174  0.936559  0.912965
79  1.128067  0.932117  1.029646  0.932069
80  1.153784  0.947008  1.036367  0.946532
81  1.139570  0.935187  0.958602  0.934746
82  1.245087  1.007275  1.016745  1.006377
83  1.258469  1.029554  1.040350  1.028695
84  1.291832  1.060128  1.069762  1.059473
85  1.295336  1.058066  1.068819  1.057702
86  1.279333  1.057563  1.068138  1.056816
87  1.325734  1.085629  1.096181  1.085451
88  1.355250  1.103060  1.114383  1.103014
89  1.342934  1.121762  1.148260  1.120016
90  1.375316  1.141238  1.256012  1.138689
91  1.338846  1.107739  1.189680  1.106751
92  1.415030  1.162998  1.244571  1.160795
93  1.410391  1.139443  1.208226  1.134956
94  1.372209  1.128178  1.149097  1.124561
95  1.426607  1.163052  1.161043  1.160340
96  1.478524  1.204828  1.221994  1.203072
97  1.487161  1.206069  1.227186  1.202018
98  1.536112  1.235680  1.326170  1.233751
99  1.538751  1.246716  1.343995  1.245622
100  1.593145  1.267667  1.391709  1.266198
101  1.576007  1.258618  1.290321  1.258443
102  1.577392  1.257629  1.268740  1.257471
103  1.587993  1.246629  1.259442  1.245892
104  1.567398  1.254939  1.266576  1.254044
105  1.566579  1.249286  1.248845  1.248845
106  1.476522  1.197536  1.209641  1.196364
107  1.510833  1.208203  1.226013  1.207785
108  1.468335  1.208019  1.233888  1.170066
109  1.519689  1.200800  1.200406  1.200406
110  1.503181  1.187094  1.186999  1.186999
111  1.530671  1.202332  1.202787  1.201875
112  1.495160  1.188463  1.192946  1.185633
113  1.461086  1.163168  1.162895  1.162895
114  1.480123  1.175915  1.175684  1.175684
115  1.419657  1.140205  1.165223  1.135199
116  1.387142  1.120147  1.119507  1.119508
117  1.373335  1.109226  1.109158  1.109158
118  1.357684  1.090431  1.094134  1.090232
119  1.280540  1.058969  1.070152  1.056152
120  1.260358  1.056378  1.045207  1.025651
121  1.255325  0.997321  1.002602  0.990768
122  1.181628  1.017799  1.050212  0.995329
123  1.187298  0.981194  0.963325  0.961991
124  1.163975  0.998061  1.052847  0.983428
125  1.185588  0.950871  1.004191  0.926616
126  1.171932  0.912409  0.969025  0.911063
127  1.151231  0.903448  0.953576  0.895300
128  1.156389  0.901344  0.910170  0.900771
129  1.098740  0.855271  0.854558  0.854558
130  1.058184  0.832191  0.834640  0.831753
131  1.046631  0.825174  0.825023  0.825023
132  1.079309  0.842409  0.842115  0.842115
133  1.065813  0.829241  0.828628  0.828628
134  1.069598  0.825678  0.828195  0.825125
135  1.032709  0.793621  0.793081  0.793081
136  1.016047  0.778675  0.789773  0.778204
137  1.000296  0.770784  0.782293  0.770409
138  0.988942  0.754906  0.769921  0.754314
139  0.984641  0.749872  0.775597  0.749659
140  0.954568  0.735944  0.752528  0.735838
141  0.904423  0.694364  0.704033  0.693959
142  0.888667  0.689654  0.696510  0.689433
143  0.871194  0.673867  0.694471  0.673686
144  0.850226  0.654779  0.658527  0.654480
145  0.813524  0.644383  0.655998  0.643340
146  0.787714  0.632934  0.632384  0.632384
147  0.815695  0.647728  0.649242  0.647303
148  0.765737  0.617358  0.622830  0.616500
149  0.765944  0.616378  0.621877  0.615886
150  0.771152  0.613425  0.619011  0.613394
151  0.739145  0.598403  0.603965  0.598237
152  0.756675  0.605317  0.610497  0.605062
153  0.767936  0.611757  0.617242  0.611454
154  0.778744  0.624050  0.629612  0.623867
155  0.778846  0.616629  0.622687  0.616478
156  0.776726  0.616827  0.616677  0.616677
157  0.751987  0.597004  0.596947  0.596947
158  0.804625  0.633408  0.633406  0.633406
159  0.824056  0.646241  0.646185  0.646185
160  0.872338  0.673711  0.672955  0.672955
161  0.851551  0.673331  0.673083  0.673083
162  0.863861  0.682687  0.682404  0.682404
163  0.906185  0.715690  0.715625  0.715625
164  0.889918  0.705120  0.704937  0.704937
165  0.946054  0.742363  0.742350  0.742350
166  0.962761  0.747579  0.747425  0.747425
167  0.960502  0.752927  0.752691  0.752691
168  0.963417  0.766701  0.766409  0.766409
169  1.010818  0.792860  0.792742  0.792742
170  1.101583  0.845933  0.845068  0.845068
171  1.128529  0.876176  0.876151  0.876151
172  1.176366  0.908700  0.908686  0.908686
173  1.199215  0.916495  0.916181  0.916181
174  1.260640  0.949190  0.948871  0.948871
175  1.289428  0.979906  0.979801  0.979801
176  1.306966  1.000474  1.000463  1.000463
177  1.418318  1.073198  1.073061  1.073061
178  1.431136  1.098205  1.098043  1.098043
179  1.453262  1.089975  1.089779  1.089779
180  1.490864  1.124198  1.124173  1.124173
181  1.531317  1.160460  1.160413  1.160413
182  1.594478  1.205904  1.205785  1.205785
183  1.554167  1.195387  1.195236  1.195236
184  1.599167  1.223847  1.223659  1.223659
185  1.669444  1.244925  1.244556  1.244556
186  1.657173  1.246969  1.246908  1.246908
187  1.699705  1.278780  1.278460  1.278460
188  1.698933  1.275553  1.275287  1.275287
189  1.749601  1.310348  1.310187  1.310187
190  1.693725  1.276721  1.276620  1.276620
191  1.758298  1.335440  1.335262  1.335262
192  1.766395  1.334257  1.334101  1.334101
193  1.830076  1.362688  1.362477  1.362477
194  1.744990  1.317416  1.317360  1.317360
195  1.833814  1.394040  1.394020  1.394020
196  1.831798  1.381346  1.381031  1.381031
197  1.814198  1.389343  1.389031  1.389031
198  1.794149  1.397818  1.425917  1.367473
199  1.776331  1.346237  1.362405  1.346102
